07-DEC-1998    41    0   0   0   0   0   1   3   3   1   0   5   2   8   3   2   1   0   0   0   0   4   8   0   0
06-DEC-1998     4    0   1   1   0   0   0   0   0   0   0   0   0   0   0   0   0   0   0   0   1   0   1   0   0
05-DEC-1998    30    0   0   0   0   0   0   0   0   0   2   2   7   5   0   1   0   0   0   1   0   0   9   2   1
04-DEC-1998     1    0   1   0   0   0   0   0   0   0   0   0   0   0   0   0   0   0   0   0   0   0   0   0   0
03-DEC-1998     3    0   0   0   0   0   0   3   0   0   0   0   0   0   0   0   0   0   0   0   0   0   0   0   0
02-DEC-1998    32   14  10   2   0   0   0   0   1   0   0   0   1   0   0   3   0   0   0   0   0   0   1   0   0
01-DEC-1998    68    0   0   1   0   0   0   0   0   1   1   2   7   6   4   1   3   3   2   4   8   5   7   8   5
11-DEC-2014    21    0   0   0   0   0   5   4   1   5   4   1   0   0   0   1   0   0   0   0   0   0   0   0   0
10-DEC-2014    58    3   0   0   0   0   0   0   0   1   1   3   5   7  13   8   8   8   1   0   0   0   0   0   0
09-DEC-2014    43    0   7   0   0   0   0   0   0   1   8   1   5   0   3   0   0   0   0  11   0   0   4   0   3
08-DEC-2014     0    0   0   0   0   0   0   0   0   0   0   0   0   0   0   0   0   0   0   0   0   0   0   0   0
07-DEC-2014     0    0   0   0   0   0   0   0   0   0   0   0   0   0   0   0   0   0   0   0   0   0   0   0   0
06-DEC-2014    49    4  14   6   0   6  11   4   4   0   0   0   0   0   0   0   0   0   0   0   0   0   0   0   0
05-DEC-2014    28    3   1   2   1   1   0   0   1   3   0   0   0   0   0   0   1   1   0   0   0   0   0   6   8
04-DEC-2014   130    0   0   0   1  19  10  14   3   3   1   0   2  33  25  10   1   0   1   5   0   0   0   0   2
